00111100
10011100
11111011
01011100
11100010
10110101
01010010
00000111
00000001
10010010
01111000
00110101
10111011
00010010
10010000
00100100
11010101
10010110
01001001
11010001
00000101
11110001
01001011
10011100
01111100
01111011
01011110
11110101
01001010
01000110
00000011
01011100
11001001
01100100
01100000
10011110
10011100
11100011
10011011
10001001
11100011
01010110
00010110
11000010
11100011
01111010
10110010
01000100
00011011
11001000
01110001
11011010
01001110
11001001
00001011
00100001
00001000
00010100
10010001
11111111
10101100
11110000
10111010
11011101
01011110
00111111
10001110
00010000
11100110
01011111
10100100
10101000
00010001
10110110
11100011
11000111
01010110
01011010
01110011
01000001
01001011
11000100
11000001
00001011
11110001
00111111
10010010
00000010
10000000
00001101
10101011
11001100
11100001
00101000
11110001
11001100
11010100
00011000
01001110
11110111
00011000
11111110
01111010
00011000
00000001
11111111
00010001
11000001
10110111
10110111
11110011
10001010
11110110
10101010
01000001
10011000
00000011
10001011
00100100
11001010
10110000
10100000
11010111
01000000
00101100
11101001
01100100
11001011
11100110
11000001
11101000
01001111
00000111
