10000100
01111100
11000011
01010100
00001111
10000010
00000101
00001011
01011001
01011010
10001111
11001100
01110000
11011010
01100110
00100100
01110011
01111011
10111000
10011000
01000101
10110001
10110000
10001000
00101010
10000111
10101000
10000010
11101100
11100010
01011000
10110000
01100000
10001110
11110100
10011101
00000001
11010001
00000100
10010101
01100100
01101110
00001111
10111000
11101100
10010111
10001000
11000010
00100011
11011011
10110111
00100000
11100110
00011111
10011001
10101110
01011100
10111001
00111101
10010011
01010010
10011111
10100011
01000110
10001101
01010101
00001100
11001011
00110000
11111101
10110100
11001110
00000001
01001101
00111101
11100110
11001101
11010100
01000001
11110111
11010100
01111011
01010001
01110001
01000100
01011011
00010000
11110011
00001111
00100100
10011010
10010010
11110110
01001011
00001011
00010111
00101110
00010011
11001110
11101000
10100100
00111100
00001100
00100010
10010110
10001010
11000110
00101011
11001011
11011000
01011001
10001000
10001101
00011010
00110101
01101010
11010100
11100111
01101000
01001101
10011011
00110110
01101101
10010101
11000010
11110001
10010110
00010111
10110010
00101010
11110010
01111000
00000001
