10101010
01000001
10011000
00000011
10001011
00100100
11001010
10110000
10100000
11010111
01000000
00101100
11101001
01100100
11001011
11100110
11000001
11101000
01001111
00000101
00101101
01011110
11111001
00010000
01001110
00111110
11010011
11100110
11111000
11001111
01100011
00110001
01110101
01000011
01011001
00001000
00110111
00111101
00010011
00000001
10011001
10001101
00100001
11110100
00100001
11111000
01000111
00101000
01010000
00000001
10000101
10011011
11100101
10010111
10010000
10111101
10111000
10110001
01101110
01001010
10000101
10010101
11101000
00001000
10100100
01001001
11000000
01010011
10000110
11011011
01011010
11101010
00000001
11011011
