10000110
10110101
11100001
01001100
10001110
01111011
00000001
01000011
10110011
11111010
01100111
10100100
11011001
10111011
10011101
10011111
00001111
00001011
00011011
01001001
01001100
11010000
10110100
01101101
00100000
01101101
11000110
00111000
11111011
11101111
01010110
01011111
10011001
11111000
01001001
11100101
10001001
11001000
01010101
11101000
00110011
11111111
00110010
01101100
11011011
01011100
11000100
01001011
00001010
01110101
11001001
11011001
11010011
00111010
00000100
01110010
10100110
01111000
10110100
01010010
01101110
11010000
11011000
11011111
10110101
01010000
11011101
11011011
11110001
10000100
01001011
11011011
11101000
01101101
