10100110
01101011
00001000
00110110
01010001
01001000
10100010
01001001
10101000
00001001
01111010
10111010
11101100
11000011
01000001
11111000
11011110
01000110
00100101
11010101
11111100
11011101
01010010
00101100
11000110
01100011
10010100
10001101
10110000
11001001
10111011
11001100
11101100
01101110
10000011
10010100
01101100
10100010
10010110
00000110
11011011
00100011
10011110
00000111
10110011
01101010
00111101
00000010
10000010
01111001
11010101
00011111
11000001
11000110
10111100
10111111
01011000
10111100
01111111
01110010
00111110
01111101
11110111
00101010
11110011
00001010
01101010
11101101
00011001
00000001
01000101
01000110
11100011
01001000
