10100000
01101101
01011011
00101010
00011101
00101011
11101000
01011110
00100101
00011100
11000110
10101101
11010110
00110101
00001100
00000100
00001111
11001010
10101011
10100000
10011010
10110100
10001100
00110111
00101111
10110001
11010100
00010011
11101110
10011110
11111010
01000111
11001010
11011110
11010101
01100011
00100101
01010100
01100111
00100110
10101110
10111101
10111010
01110010
10100000
01010100
00100111
00111100
00000001
01101110
10100000
00100111
10010101
10001001
00001110
10101101
00100000
01110011
00110111
11111001
10101100
11100110
11000100
00110010
10101111
11100101
11001111
11100001
10010101
01011101
10100110
11101101
01101110
10101100
11001100
00100110
00110100
00001000
10000000
11010101
10000111
11110111
11101110
11111001
00111001
10000110
11011101
01011111
01110000
11001110
11100100
00101111
00110000
11101010
00110011
00001000
01011111
01001110
00000000
00110001
11001100
10010001
11001111
00100000
01001010
11110101
01010100
01011001
11110010
11101000
01101010
00011000
11110001
01011100
10100110
00011101
11010001
01011000
00000011
11111110
00000100
01010010
10011000
11110101
11110000
01011110
10011100
11100001
11010100
01110110
01010010
11100001
00001100
