00000000
00000000
00000000
00000000
00000000
00000000
00000000
00000000
00000000
00000000
00000000
00000000
00000000
00000000
00000000
00000000
01010100
00001110
00010000
00111010
10011001
11100011
10101110
00000100
01001111
01001001
11100110
10110000
01110111
00100000
11101101
01000001
11111001
01110101
00100100
01011000
00000111
00011111
00100111
10010011
00110011
01000011
11101010
01101101
01010010
11111111
10011111
00111010
11010000
00100110
00011010
00001101
11011101
01110001
10101101
10001101
11010110
00110101
11110101
10101010
01110001
01000010
00001110
10001000
00101101
10100101
10011111
10111111
00011010
01001101
11011101
01000110
01000010
01101011
00000101
00101100
11110111
01010000
10011111
10000001
01110111
10000101
10001001
01010111
10100101
00111000
11111011
00011000
11001011
11011011
11101100
10010111
00001111
11101100
01001111
10001111
00011101
01000110
01111011
01000000
10111000
00011000
01110011
01001101
00100111
01111111
11110011
00000100
00111100
01001011
00100101
11010111
10110110
10001000
01010100
00100000
01011011
00101101
11100101
01011011
11101000
10110001
00100010
10010010
11100000
01111101
11001111
11000001
11110010
01100011
01001111
10010011
00001001
